0 10.170 -267.683 17.772
-
0 10.370 -265.643 17.989
-
0 11.202 -269.310 18.408
-
0 11.453 -260.257 17.954
-
0 12.208 -264.430 17.609
-
0 12.852 -268.930 17.474
-
0 13.289 -265.709 18.013
-
0 14.230 -264.576 17.551
-
0 14.347 -266.799 18.417
-
0 15.227 -263.776 18.380
-
0 15.711 -263.318 18.475
-
0 16.756 -258.271 18.075
-
0 17.156 -266.458 17.689
-
0 17.674 -261.426 18.296
-
0 18.153 -265.062 17.659
-
0 18.887 -260.346 18.113
-
0 18.661 -258.817 17.582
-
0 19.848 -265.127 17.731
-
0 19.787 -257.031 18.333
-
0 20.699 -267.551 18.310
-
0 22.119 -261.754 18.373
-
0 21.487 -268.757 18.129
-
0 22.921 -270.706 17.881
-
0 23.873 -268.529 17.657
-
0 24.043 -269.658 18.173
-
0 23.795 -268.134 17.882
-
0 25.051 -265.325 17.539
-
0 25.026 -261.781 17.631
-
0 26.856 -256.744 17.536
-
0 25.988 -263.540 17.685
-
0 28.025 -259.609 18.510
-
0 27.986 -258.315 18.197
-
0 28.493 -263.892 18.176
-
0 28.218 -269.087 17.506
-
0 29.171 -267.197 17.982
-
0 29.916 -266.957 17.943
-
0 29.993 -262.725 18.499
-
0 31.009 -266.707 18.301
-
0 32.183 -261.261 18.021
-
0 32.402 -265.041 17.886
-
0 32.271 -262.089 18.062
-
0 34.614 -260.086 17.927
-
0 34.422 -259.593 17.856
-
0 34.793 -260.104 17.865
-
0 34.893 -259.807 18.134
-
0 36.059 -260.460 18.200
-
0 36.112 -265.844 17.785
-
0 37.289 -260.051 18.284
-
0 38.319 -255.269 17.599
-
0 38.238 -260.638 17.978
-
0 38.666 -267.105 17.672
-
0 39.367 -268.415 18.525
-
0 39.071 -258.983 17.853
-
0 41.114 -268.471 18.324
-
0 41.511 -257.651 17.720
-
0 41.202 -266.318 18.472
-
0 41.554 -263.061 17.503
-
0 42.705 -260.535 18.251
-
0 43.372 -264.575 17.907
-
0 44.638 -259.461 17.797
-
0 45.786 -266.483 18.510
-
0 46.295 -269.908 17.733
-
0 46.170 -261.709 18.201
-
0 46.931 -257.209 18.420
-
0 46.651 -270.686 17.905
-
0 48.668 -255.424 17.548
-
0 47.850 -257.622 18.424
-
0 47.141 -269.170 18.235
-
0 47.963 -258.353 17.794
-
0 50.114 -264.808 17.691
-
0 49.101 -264.032 18.502
-
0 52.301 -263.408 17.631
-
0 52.430 -257.265 17.749
-
0 52.867 -260.592 18.118
-
0 52.360 -265.114 18.160
-
0 54.304 -255.666 18.096
-
0 54.816 -261.352 18.119
-
0 53.922 -259.939 18.209
-
0 55.317 -264.301 18.515
-
0 56.626 -264.836 17.962
-
0 54.614 -263.583 18.410
-
0 57.117 -255.577 17.616
-
0 57.663 -267.111 18.200
-
0 57.821 -259.788 17.758
-
0 59.525 -261.494 17.690
-
0 58.355 -263.862 18.072
-
0 58.206 -266.143 17.797
-
0 59.834 -268.903 18.271
-
0 60.065 -262.081 17.842
-
0 60.860 -268.628 17.861
-
0 62.050 -264.709 17.544
-
0 62.728 -257.808 17.911
-
0 61.176 -265.130 18.142
-
0 65.136 -257.596 17.776
-
0 62.589 -266.584 18.163
-
0 64.724 -270.291 17.899
-
0 64.523 -258.499 18.528
-
0 63.997 -261.664 18.095
-
0 64.503 -270.711 18.194
-
0 67.959 -263.515 17.541
-
0 66.045 -257.591 17.626
-
0 68.805 -269.037 17.506
-
0 70.745 -262.852 17.923
-
0 70.154 -264.784 18.238
-
0 68.308 -269.595 17.706
-
0 69.916 -269.376 17.938
-
0 72.012 -259.199 17.530
-
0 71.363 -262.416 17.802
-
0 71.607 -265.909 17.910
-
0 74.751 -257.168 17.670
-
0 71.328 -267.114 17.491
-
0 72.036 -256.937 18.343
-
0 72.858 -267.098 17.748
-
0 75.232 -255.858 17.726
-
0 75.543 -263.783 18.094
-
0 75.847 -259.075 17.625
-
0 75.433 -262.764 18.129
-
0 76.769 -257.689 17.916
-
0 75.790 -260.526 18.517
-
0 77.307 -268.420 18.144
-
0 81.301 -260.924 18.121
-
0 80.213 -260.756 18.215
-
0 82.173 -265.974 18.172
-
0 79.965 -264.937 18.514
-
0 83.275 -268.080 17.804
-
0 82.393 -267.324 18.360
-
0 83.824 -258.649 18.451
-
0 82.642 -263.144 18.190
-
0 83.517 -256.795 17.637
-
0 82.688 -258.889 17.590
-
0 84.394 -260.707 18.161
-
0 86.632 -263.061 18.448
-
0 84.574 -267.064 18.536
-
0 85.216 -263.173 18.401
-
0 85.985 -269.695 17.796
-
0 89.566 -256.376 18.138
-
0 87.908 -269.170 18.129
-
0 89.578 -265.859 18.017
-
0 91.810 -258.825 18.522
-
0 90.720 -269.044 20.299
-
0 87.657 -261.040 20.384
-
0 88.524 -267.024 20.546
-
0 89.560 -260.537 19.613
-
0 91.801 -261.048 19.456
-
0 88.696 -255.615 19.716
-
0 89.451 -259.711 19.506
-
0 89.955 -254.115 19.832
-
0 92.587 -259.088 19.731
-
0 88.505 -250.189 19.747
-
0 88.453 -261.862 19.472
-
0 91.591 -257.500 19.765
-
0 91.138 -261.681 20.240
-
0 91.118 -253.976 19.943
-
0 89.045 -255.904 19.415
-
0 88.788 -259.052 19.597
-
0 89.566 -259.682 19.772
-
0 89.748 -251.270 20.236
-
0 93.509 -249.395 20.256
-
0 94.000 -246.424 20.261
-
0 92.097 -246.944 19.776
-
0 90.684 -246.925 19.822
-
0 94.162 -243.955 20.088
-
0 91.007 -252.839 19.980
-
0 89.755 -254.190 20.223
-
0 91.093 -249.354 20.106
-
0 91.066 -248.863 19.538
-
0 93.257 -253.187 19.862
-
0 94.235 -247.361 20.305
-
0 90.467 -245.005 20.272
-
0 95.136 -241.059 19.417
-
0 92.855 -244.581 19.783
-
0 92.073 -247.415 20.529
-
0 93.187 -248.386 20.191
-
0 90.028 -234.805 19.820
-
0 93.523 -247.802 19.897
-
0 91.223 -246.414 20.514
-
0 93.735 -243.497 20.434
-
0 91.689 -241.398 20.198
-
0 94.175 -236.422 20.459
-
0 91.078 -241.640 20.075
-
0 91.986 -235.796 20.318
-
0 94.057 -242.640 20.487
-
0 92.119 -232.250 19.668
-
0 91.780 -234.342 20.510
-
0 96.139 -232.565 20.480
-
0 92.145 -230.970 19.659
-
0 92.425 -231.298 19.511
-
0 93.442 -239.151 20.563
-
0 94.851 -238.310 20.580
-
0 95.356 -231.004 20.553
-
0 93.827 -224.633 19.947
-
0 94.086 -230.678 19.613
-
0 93.793 -230.477 19.606
-
0 96.057 -225.629 19.640
-
0 96.776 -232.174 20.166
-
0 95.410 -230.887 20.131
-
0 92.753 -222.121 20.495
-
0 97.269 -226.391 19.592
-
0 93.260 -223.737 20.124
-
0 94.378 -224.483 20.205
-
0 95.852 -221.316 19.782
-
0 93.090 -217.745 19.462
-
0 93.033 -217.597 19.691
-
0 94.782 -220.829 20.417
-
0 97.783 -221.103 20.158
-
0 95.803 -222.546 20.407
-
0 94.162 -215.579 20.140
-
0 96.127 -218.711 19.972
-
0 96.689 -218.301 19.722
-
0 97.010 -215.629 19.762
-
0 94.395 -215.374 20.572
-
0 95.782 -212.952 20.036
-
0 98.199 -221.013 19.427
-
0 97.366 -216.125 20.498
-
0 95.774 -211.408 20.564
-
0 97.273 -214.048 19.563
-
0 94.382 -214.811 19.849
-
0 97.571 -211.208 20.331
-
0 98.332 -207.067 20.331
-
0 99.049 -218.053 19.858
-
0 94.864 -212.597 19.835
-
0 99.304 -204.798 20.485
-
0 95.746 -209.692 20.541
-
0 97.062 -212.831 20.210
-
0 97.458 -206.107 19.730
-
0 98.663 -205.771 20.445
-
0 98.831 -208.101 19.992
-
0 99.116 -206.641 20.173
-
0 96.216 -212.340 19.881
-
0 97.234 -204.272 20.352
-
0 99.057 -206.755 19.580
-
0 97.659 -202.322 19.731
-
0 95.217 -203.124 19.735
-
0 100.049 -208.334 19.698
-
0 96.268 -201.088 19.569
-
0 96.857 -205.604 20.119
-
0 96.165 -195.923 19.791
-
0 100.057 -201.143 20.250
-
0 99.801 -205.330 19.899
-
0 99.344 -194.882 20.460
-
0 96.497 -199.995 19.814
-
0 97.437 -198.864 20.052
-
0 98.489 -195.473 19.614
-
0 100.851 -193.209 20.464
-
0 97.557 -198.820 19.786
-
0 98.530 -200.692 20.144
-
0 96.983 -193.662 20.304
-
0 101.360 -192.055 19.719
-
0 100.213 -195.839 20.537
-
0 98.215 -193.005 20.509
-
0 95.980 -187.764 20.554
-
0 97.651 -195.413 20.317
-
0 100.135 -195.095 20.178
-
0 98.344 -192.020 20.036
-
0 97.173 -190.396 20.509
-
0 98.791 -184.081 19.789
-
0 99.467 -184.877 19.893
-
0 97.826 -193.124 20.110
-
0 102.063 -191.251 20.294
-
0 96.827 -182.610 20.252
-
0 100.647 -182.031 19.901
-
0 96.734 -190.720 20.439
-
0 97.763 -189.881 20.292
-
0 102.790 -189.451 20.195
-
0 102.048 -180.472 19.992
-
0 98.407 -185.292 20.068
-
0 103.016 -178.447 20.397
-
0 99.228 -178.852 19.442
-
0 102.643 -185.817 20.011
-
0 99.495 -176.007 19.455
-
0 100.013 -181.118 19.775
-
0 99.834 -178.316 20.239
-
0 102.390 -178.054 19.767
-
0 100.079 -174.622 19.755
-
0 101.011 -176.050 20.311
-
0 102.682 -172.108 19.853
-
0 98.519 -173.230 19.772
-
0 100.176 -179.815 19.909
-
0 102.066 -171.371 20.228
-
0 99.486 -177.647 20.421
-
0 102.220 -172.060 20.417
-
0 102.542 -171.056 19.525
-
0 103.110 -176.580 20.178
-
0 102.512 -171.582 19.726
-
0 101.742 -170.960 19.639
-
0 99.142 -170.816 19.506
-
0 100.343 -171.227 20.295
-
0 99.655 -165.441 20.084
-
0 100.329 -168.646 20.292
-
0 103.094 -169.819 19.717
-
0 99.389 -167.388 19.473
-
0 104.789 -167.885 19.582
-
0 104.277 -162.756 20.575
-
0 104.649 -160.900 19.663
-
0 100.081 -159.754 19.631
-
0 104.454 -167.815 19.697
-
0 104.627 -159.920 20.569
-
0 102.616 -164.656 19.809
-
0 101.660 -165.416 19.416
-
0 104.893 -165.496 19.976
-
0 100.805 -165.528 20.206
-
0 99.876 -157.735 20.577
-
0 100.235 -162.759 19.450
-
0 103.266 -158.396 19.729
-
0 100.174 -159.784 20.193
-
0 102.245 -159.045 19.657
-
0 102.559 -161.591 19.402
-
0 100.952 -158.728 20.451
-
0 100.459 -152.946 19.843
-
0 103.443 -157.510 19.579
-
0 104.823 -157.754 20.578
-
0 103.183 -155.095 20.338
-
0 104.274 -150.408 19.661
-
0 105.290 -150.157 20.215
-
0 102.247 -151.283 19.601
-
0 104.486 -154.037 19.889
-
0 106.736 -152.804 19.496
-
0 102.741 -151.284 20.548
-
0 104.388 -146.016 19.906
-
0 106.626 -148.790 20.408
-
0 103.394 -147.045 19.911
-
0 103.630 -148.895 20.248
-
0 101.790 -149.614 20.563
-
0 103.951 -143.816 19.946
-
0 103.450 -147.255 20.281
-
0 107.735 -143.146 20.425
-
0 102.160 -141.068 19.637
-
0 104.724 -140.586 19.571
-
0 105.392 -144.674 19.695
-
0 104.080 -140.439 20.239
-
0 103.930 -141.047 20.584
-
0 106.817 -140.273 20.335
-
0 107.019 -140.550 20.367
-
0 106.107 -138.214 19.596
-
0 106.498 -136.013 19.627
-
0 105.135 -140.898 19.931
-
0 103.628 -135.924 19.892
-
0 108.577 -139.143 19.812
-
0 108.447 -134.935 20.265
-
0 107.701 -139.759 20.269
-
0 108.282 -132.075 19.663
-
0 104.970 -136.493 20.394
-
0 104.465 -133.233 19.810
-
0 107.146 -133.819 19.756
-
0 104.568 -136.440 19.547
-
0 106.218 -134.949 20.458
-
0 109.451 -130.611 20.029
-
0 105.350 -128.638 20.214
-
0 103.774 -130.154 19.969
-
0 109.392 -130.630 20.292
-
0 104.182 -128.027 20.402
-
0 107.309 -129.080 20.432
-
0 103.710 -124.511 19.901
-
0 107.536 -129.043 20.497
-
0 103.897 -123.677 19.416
-
0 106.085 -123.727 19.661
-
0 106.039 -128.131 19.622
-
0 107.659 -122.691 19.821
-
0 107.500 -125.296 19.887
-
0 108.472 -123.649 20.334
-
0 110.046 -119.361 20.574
-
0 105.919 -125.226 19.458
-
0 109.740 -120.433 20.127
-
0 108.004 -118.200 20.089
-
0 109.408 -118.076 19.944
-
0 105.859 -121.567 20.000
-
0 109.271 -119.492 19.473
-
0 105.375 -117.668 19.953
-
0 105.052 -119.931 19.985
-
0 106.986 -115.769 19.408
-
0 109.198 -116.057 19.443
-
0 107.231 -116.353 19.796
-
0 105.368 -114.235 20.319
-
0 108.149 -116.194 20.309
-
0 108.417 -113.567 20.212
-
0 111.642 -112.753 19.687
-
0 105.653 -109.481 20.368
-
0 107.291 -112.558 19.418
-
0 111.360 -108.478 20.572
-
0 112.158 -107.985 19.994
-
0 110.303 -107.060 19.819
-
0 106.147 -110.024 20.177
-
0 110.373 -106.873 19.688
-
0 107.441 -108.008 19.653
-
0 109.716 -104.528 20.061
-
0 109.927 -104.519 20.088
-
0 111.766 -103.337 19.572
-
0 106.559 -102.471 19.842
-
0 108.917 -105.743 19.601
-
0 112.626 -105.973 20.049
-
0 107.714 -105.157 20.258
-
0 113.045 -100.375 20.338
-
0 109.887 -101.148 20.439
-
0 111.840 -102.071 20.533
-
0 107.975 -98.468 19.992
-
0 113.134 -99.508 20.404
-
0 111.889 -99.954 20.583
-
0 112.230 -99.702 19.565
-
0 113.118 -101.143 20.353
-
0 113.594 -95.131 19.631
-
0 113.001 -99.860 19.948
-
0 109.222 -97.041 20.537
-
0 113.101 -95.029 19.870
-
0 111.699 -94.776 19.408
-
0 110.900 -92.651 19.644
-
0 111.028 -94.293 20.341
-
0 110.397 -95.071 19.417
-
0 109.965 -91.867 20.060
-
0 114.280 -91.243 19.637
-
0 111.055 -92.490 20.489
-
0 108.239 -90.282 20.450
-
0 112.196 -88.968 19.798
-
0 114.421 -87.535 19.842
-
0 114.777 -90.971 19.484
-
0 113.586 -88.549 19.402
-
0 113.225 -89.617 17.620
-
0 107.928 -90.143 18.384
-
0 110.797 -90.388 18.356
-
0 108.789 -88.694 17.859
-
0 112.567 -87.472 18.140
-
0 114.806 -88.823 18.077
-
0 110.060 -88.610 17.921
-
0 110.946 -85.500 18.354
-
0 113.710 -88.339 17.564
-
0 113.163 -89.507 18.280
-
0 118.092 -90.009 17.633
-
0 116.687 -87.231 17.997
-
0 117.881 -85.372 18.158
-
0 116.424 -85.769 17.618
-
0 117.569 -87.384 18.208
-
0 116.783 -88.856 18.246
-
0 122.084 -87.473 18.048
-
0 122.422 -89.639 17.950
-
0 117.452 -85.576 18.234
-
0 117.645 -86.727 18.362
-
0 118.565 -89.586 17.534
-
0 119.139 -89.752 17.854
-
0 123.703 -88.402 18.389
-
0 124.435 -88.459 18.195
-
0 127.030 -88.435 17.479
-
0 126.179 -85.398 18.179
-
0 124.586 -85.594 18.123
-
0 129.051 -89.559 18.263
-
0 126.676 -87.917 17.603
-
0 125.175 -89.082 17.517
-
0 123.593 -90.044 17.966
-
0 127.230 -85.546 18.093
-
0 132.264 -89.099 18.166
-
0 129.811 -88.998 17.594
-
0 130.415 -86.073 17.783
-
0 133.168 -89.633 18.165
-
0 130.703 -90.589 17.718
-
0 131.818 -90.379 17.808
-
0 130.349 -86.411 17.845
-
0 136.366 -90.530 17.516
-
0 130.556 -88.348 17.846
-
0 129.845 -88.815 17.514
-
0 133.398 -86.559 17.481
-
0 130.751 -86.891 17.895
-
0 134.856 -86.573 17.699
-
0 139.220 -87.886 18.367
-
0 136.533 -86.720 18.259
-
0 135.290 -87.904 17.479
-
0 137.081 -86.327 17.628
-
0 140.498 -86.416 17.873
-
0 137.921 -87.317 17.797
-
0 140.825 -86.637 18.034
-
0 136.372 -85.704 17.642
-
0 136.873 -87.640 17.807
-
0 137.434 -89.270 18.359
-
0 143.380 -87.519 18.250
-
0 144.545 -87.972 17.763
-
0 141.053 -90.172 17.494
-
0 146.975 -90.064 17.854
-
0 141.512 -90.428 18.129
-
0 143.423 -88.488 18.498
-
0 141.795 -89.299 17.672
-
0 145.044 -88.495 17.963
-
0 142.273 -87.469 18.329
-
0 151.161 -87.038 18.277
-
0 151.549 -87.724 18.250
-
0 144.885 -89.055 17.823
-
0 147.814 -86.603 17.525
-
0 145.066 -85.571 18.451
-
0 150.015 -88.137 18.111
-
0 146.894 -89.332 17.934
-
0 149.014 -86.676 17.847
-
0 148.589 -88.329 18.018
-
0 155.876 -89.503 17.785
-
0 149.791 -88.126 18.502
-
0 152.411 -86.774 18.424
-
0 153.224 -89.788 17.676
-
0 152.327 -87.112 17.638
-
0 151.005 -88.654 18.047
-
0 156.300 -85.939 18.001
-
0 152.175 -89.925 17.819
-
0 157.357 -88.688 17.848
-
0 154.634 -85.589 17.536
-
0 161.808 -87.010 18.049
-
0 156.898 -88.932 18.429
-
0 160.618 -89.146 17.714
-
0 162.144 -90.366 17.990
-
0 164.352 -86.166 18.139
-
0 158.274 -85.766 17.539
-
0 158.935 -90.530 18.345
-
0 158.927 -86.381 18.296
-
0 166.365 -87.151 18.141
-
0 161.903 -88.490 18.445
-
0 167.642 -88.543 18.031
-
0 162.629 -90.166 17.688
-
0 165.214 -88.556 17.783
-
0 165.029 -86.910 17.554
-
0 166.382 -85.463 18.225
-
0 168.418 -85.981 18.048
-
0 164.325 -86.581 17.626
-
0 163.427 -87.589 17.550
-
0 169.973 -87.117 17.813
-
0 173.186 -88.652 17.698
-
0 171.141 -86.984 18.197
-
0 174.619 -87.219 18.233
-
0 167.278 -89.886 17.597
-
0 174.717 -88.128 17.883
-
0 175.970 -86.948 18.273
-
0 173.645 -86.132 17.645
-
0 169.103 -87.980 18.224
-
0 176.003 -87.243 17.501
-
0 173.995 -86.372 18.339
-
0 171.032 -90.580 17.712
-
0 176.926 -89.442 17.897
-
0 176.036 -87.679 18.329
-
0 181.081 -86.140 18.381
-
0 172.005 -90.445 18.131
-
0 175.056 -89.904 17.955
-
0 179.671 -86.018 18.396
-
0 177.928 -87.157 17.642
-
0 177.214 -85.805 18.242
-
0 184.864 -90.525 18.288
-
0 175.833 -88.541 17.769
-
0 184.306 -86.104 18.367
-
0 177.854 -86.045 17.744
-
0 180.162 -85.368 18.135
-
0 180.565 -88.078 18.526
-
0 185.871 -88.118 17.776
-
0 178.786 -88.969 18.207
-
0 188.678 -85.777 17.518
-
0 184.198 -85.381 18.048
-
0 181.961 -85.611 18.158
-
0 189.144 -90.064 17.812
-
0 189.935 -87.853 18.400
-
0 183.219 -89.948 18.108
-
0 187.701 -87.262 17.977
-
0 189.764 -89.162 17.902
-
0 194.458 -89.173 17.812
-
0 187.311 -86.971 18.237
-
0 190.099 -88.465 17.827
-
0 193.192 -85.616 17.947
-
0 189.678 -88.530 17.543
-
0 193.498 -86.380 17.532
-
0 188.964 -88.162 18.278
-
0 195.425 -88.705 17.793
-
0 190.272 -86.047 17.884
-
0 197.732 -86.109 17.673
-
0 192.546 -90.358 18.132
-
0 198.527 -90.545 18.085
-
0 196.634 -86.702 18.412
-
0 200.361 -87.556 18.294
-
0 199.298 -88.797 18.178
-
0 200.036 -86.994 18.441
-
0 199.564 -87.965 18.088
-
0 201.857 -88.295 18.411
-
0 200.406 -88.048 17.809
-
0 203.608 -86.312 18.408
-
0 196.109 -86.229 17.541
-
0 205.179 -89.930 17.531
-
0 207.200 -89.341 18.074
-
0 208.030 -85.505 17.562
-
0 204.582 -87.653 17.796
-
0 201.933 -85.617 18.526
-
0 202.962 -87.273 17.775
-
0 201.452 -88.473 17.586
-
0 203.015 -88.775 17.507
-
0 211.372 -85.829 17.465
-
0 201.856 -88.021 18.027
-
0 208.622 -87.209 18.262
-
0 202.434 -85.401 17.747
-
0 205.478 -85.396 18.244
-
0 212.619 -87.087 17.767
-
0 204.188 -87.148 17.588
-
0 212.145 -89.630 18.209
-
0 211.950 -87.370 18.390
-
0 215.885 -88.286 18.448
-
0 213.551 -86.085 18.523
-
0 214.206 -90.390 17.717
-
0 218.693 -87.958 17.929
-
0 214.103 -88.284 18.252
-
0 219.515 -88.796 17.696
-
0 208.243 -88.461 18.042
-
0 210.697 -88.779 18.112
-
0 218.000 -89.056 17.861
-
0 214.988 -85.985 18.157
-
0 217.578 -86.208 18.481
-
0 210.883 -88.764 17.487
-
0 213.881 -90.426 18.006
-
0 219.970 -90.625 18.398
-
0 219.620 -86.425 18.422
-
0 216.808 -87.858 18.346
-
0 225.751 -89.220 18.243
-
0 214.232 -89.089 18.120
-
0 225.252 -88.386 17.874
-
0 227.355 -86.386 18.344
-
0 224.705 -85.523 17.500
-
0 224.307 -89.614 18.305
-
0 223.691 -89.920 17.802
-
0 225.846 -88.061 18.334
-
0 228.783 -86.053 18.510
-
0 218.757 -90.577 17.643
-
0 231.970 -90.524 18.011
-
0 223.545 -89.716 17.587
-
0 225.057 -89.448 17.950
-
0 224.066 -86.828 17.774
-
0 230.941 -89.770 18.354
-
0 233.535 -88.391 18.298
-
0 227.564 -85.530 18.017
-
0 227.867 -85.752 18.111
-
0 232.725 -87.543 17.836
-
0 231.994 -87.425 17.567
-
0 228.248 -89.766 18.054
-
0 230.800 -86.044 18.322
-
0 235.699 -86.272 17.954
-
0 228.299 -85.542 17.872
-
0 230.691 -85.734 17.638
-
0 234.849 -86.625 18.050
-
0 229.630 -86.148 18.299
-
0 238.865 -86.572 18.403
-
0 238.869 -85.713 18.269
-
0 230.762 -86.966 17.993
-
0 241.485 -89.310 17.646
-
0 231.063 -87.595 17.551
-
0 244.568 -85.650 18.166
-
0 238.656 -88.227 18.435
-
0 234.484 -87.779 18.111
-
0 241.129 -85.701 18.318
-
0 245.187 -85.804 17.913
-
0 235.829 -90.531 18.237
-
0 244.880 -87.400 17.779
-
0 247.429 -87.097 17.467
-
0 240.726 -88.453 18.166
-
0 245.751 -89.874 17.819
-
0 249.818 -88.748 18.221
-
0 244.927 -86.688 17.850
-
0 248.392 -88.300 17.636
-
0 240.857 -87.546 18.171
-
0 253.240 -86.464 18.419
-
0 246.342 -90.548 17.754
-
0 251.206 -85.598 18.057
-
0 243.345 -87.889 18.110
-
0 242.279 -85.501 17.799
-
0 243.618 -87.232 17.796
-
0 242.637 -86.931 18.478
-
0 246.728 -87.749 17.700
-
0 246.722 -88.131 18.275
-
0 256.716 -86.110 17.514
-
0 254.322 -88.496 17.972
-
0 247.838 -89.596 17.798
-
0 250.132 -90.095 18.249
-
0 255.230 -86.977 18.242
-
0 248.821 -87.483 17.660
-
0 261.991 -89.266 17.802
-
0 261.265 -89.875 17.481
-
0 259.533 -86.147 18.276
-
0 251.215 -85.830 17.774
-
0 258.351 -88.812 18.319
-
0 264.915 -88.387 17.516
-
0 251.123 -88.757 17.724
-
0 260.430 -90.522 17.688
-
0 263.902 -90.425 18.394
-
0 252.906 -90.305 17.944
-
0 259.634 -86.847 17.598
-
0 261.626 -85.715 18.148
-
0 269.262 -86.994 17.658
-
0 265.139 -85.941 18.222
-
0 260.285 -88.349 18.281
-
0 259.150 -86.601 18.141
-
0 259.983 -88.789 17.742
-
0 263.558 -89.523 18.494
-
0 266.661 -89.421 17.622
-
0 264.691 -86.421 17.624
-
0 267.110 -87.070 18.495
-
0 264.000 -87.048 18.379
-
0 272.461 -89.673 17.585
-
0 276.218 -90.484 18.065
-
0 276.712 -87.522 17.608
-
0 275.744 -86.342 18.531
-
0 266.754 -85.859 17.483
-
0 265.933 -89.992 17.950
-
0 276.348 -88.654 17.990
-
0 264.138 -85.841 18.496
-
0 264.357 -88.651 18.232
-
0 278.473 -89.146 18.324
-
0 277.539 -88.273 18.121
-
0 276.144 -86.042 18.213
-
0 267.043 -87.756 18.169
-
0 271.789 -89.601 18.110
-
0 283.347 -88.253 17.826
-
0 284.024 -86.517 17.603
-
0 275.847 -86.433 17.555
-
0 281.282 -85.842 17.804
-
0 285.221 -88.053 17.903
-
0 274.102 -86.136 17.546
-
0 275.627 -87.964 17.909
-
0 278.567 -89.517 17.487
-
0 286.219 -89.385 17.846
-
0 277.214 -86.449 18.501
-
0 286.521 -88.406 18.300
-
0 287.395 -85.954 18.209
-
0 278.677 -88.334 18.021
-
0 277.562 -88.137 18.091
-
0 286.185 -89.031 17.496
-
0 283.083 -85.908 17.655
-
0 277.834 -86.642 18.403
-
0 293.892 -89.337 18.540
-
0 283.646 -88.971 17.592
-
0 287.499 -88.118 17.844
-
0 293.550 -88.944 17.755
-
0 286.072 -89.608 18.297
-
0 281.441 -85.551 18.511
-
0 292.534 -85.822 17.913
-
0 294.507 -89.312 17.960
-
0 292.417 -90.135 17.590
-
0 289.782 -85.607 18.306
-
0 298.356 -87.380 18.293
-
0 289.991 -88.218 17.479
-
0 285.446 -86.005 17.510
-
0 293.429 -89.494 18.158
-
0 294.808 -89.929 18.352
-
0 296.623 -87.885 17.587
-
0 296.618 -85.675 17.875
-
0 303.181 -87.916 17.567
-
0 290.512 -87.881 18.466
-
0 294.144 -85.723 18.294
-
0 302.230 -86.748 18.062
-
0 299.450 -88.295 17.721
-
0 293.206 -87.339 17.474
-
0 303.321 -89.786 18.325
-
0 307.433 -87.063 17.628
-
0 301.433 -88.593 18.131
-
0 294.098 -86.936 18.287
-
0 306.172 -90.524 18.019
-
0 298.060 -87.906 18.343
-
0 307.711 -85.471 17.572
-
0 309.421 -85.736 17.591
-
0 297.017 -88.043 18.220
-
0 307.900 -90.076 18.072
-
0 300.320 -86.082 17.888
-
0 298.408 -88.733 17.840
-
0 305.528 -86.458 17.500
-
0 304.462 -87.793 18.110
-
0 299.899 -89.799 18.422
-
0 305.963 -90.528 18.023
-
0 317.331 -86.600 18.219
-
0 305.121 -87.875 18.141
-
0 314.090 -86.296 18.389
-
0 316.263 -85.753 17.513
-
0 303.493 -86.723 17.940
-
0 301.837 -90.484 17.618
-
0 314.421 -89.305 18.510
-
0 315.677 -90.559 18.504
-
0 321.205 -85.585 18.335
-
0 311.858 -90.204 18.057
-
0 312.759 -86.007 17.913
-
0 318.701 -89.905 18.450
-
0 314.822 -89.327 18.334
-
0 311.861 -85.858 18.312
-
0 311.257 -89.927 18.304
-
0 307.424 -88.159 17.665
-
0 309.560 -89.529 18.148
-
0 315.923 -88.157 17.530
-
0 327.566 -89.380 17.529
-
0 326.350 -85.463 17.509
-
0 320.566 -89.482 18.031
-
0 313.049 -85.843 17.997
-
0 325.235 -88.796 17.546
-
0 325.011 -85.900 17.658
-
0 320.783 -86.710 17.627
-
0 316.061 -89.744 18.344
-
0 315.761 -88.985 18.104
-
0 323.039 -88.768 18.186
-
0 327.786 -89.828 17.845
-
0 326.223 -86.655 18.505
-
0 328.334 -85.738 17.857
-
0 332.586 -86.282 18.190
-
0 317.493 -86.386 17.752
-
0 320.751 -88.783 17.647
-
0 318.271 -86.500 17.815
-
0 331.302 -89.108 17.671
-
0 333.147 -87.702 17.705
-
0 331.600 -86.863 17.710
-
0 325.792 -90.080 18.417
-
0 327.540 -88.021 18.036
-
0 340.443 -85.538 17.467
-
0 338.220 -89.688 18.446
-
0 335.099 -87.101 17.808
-
0 335.516 -90.040 17.965
-
0 339.838 -88.584 17.773
-
0 325.916 -86.515 18.479
-
0 334.154 -86.439 18.466
-
0 327.130 -90.280 17.561
-
0 343.820 -86.199 17.785
-
0 334.048 -90.295 18.233
-
0 332.526 -87.295 18.023
-
0 334.654 -86.311 18.516
-
0 336.191 -90.594 18.325
-
0 340.680 -88.930 18.314
-
0 341.557 -88.164 17.951
-
0 344.362 -85.861 18.187
-
0 330.379 -90.430 18.232
-
0 339.951 -89.859 17.922
-
0 337.410 -87.878 17.855
-
0 351.536 -87.378 18.331
-
0 344.601 -86.553 18.292
-
0 350.363 -85.810 18.229
-
0 347.346 -86.371 17.620
-
0 343.105 -89.041 18.264
-
0 341.887 -85.779 18.069
-
0 342.089 -90.351 17.954
-
0 344.307 -85.786 18.241
-
0 356.281 -88.707 17.965
-
0 354.020 -89.193 18.033
-
0 352.196 -86.888 18.380
-
0 342.954 -89.220 17.993
-
0 355.153 -86.645 18.033
-
0 339.366 -88.212 17.745
-
0 339.762 -86.913 18.360
-
0 346.680 -89.691 17.709
-
0 358.007 -88.633 17.463
-
0 356.369 -86.109 18.120
-
0 343.289 -87.644 17.925
-
0 361.308 -88.425 17.982
-
0 351.422 -87.421 17.476
-
0 358.159 -89.018 18.437
-
0 354.113 -86.888 18.272
-
0 352.957 -89.386 17.875
-
0 353.698 -86.285 18.501
-
0 351.770 -85.794 18.089
-
0 367.130 -86.472 18.521
-
0 354.946 -86.937 18.519
-
0 366.480 -87.017 18.114
-
0 357.440 -86.212 17.827
-