0 19.641 -88.909 18.047
-
0 21.073 -90.262 18.372
-
0 21.492 -87.894 18.261
-
0 21.814 -85.887 18.348
-
0 22.338 -87.933 17.748
-
0 23.076 -84.561 17.306
-
0 23.879 -88.754 18.399
-
0 24.264 -87.441 17.869
-
0 24.143 -90.629 17.623
-
0 24.826 -88.673 17.967
-
0 25.592 -91.240 18.175
-
0 26.175 -84.542 18.247
-
0 26.226 -85.933 18.131
-
0 28.434 -90.930 18.150
-
0 28.805 -89.686 18.405
-
0 29.629 -86.652 17.616
-
0 29.887 -90.203 17.454
-
0 28.821 -87.319 17.964
-
0 30.955 -85.156 17.967
-
0 30.365 -89.794 17.435
-
0 31.493 -88.878 17.468
-
0 30.986 -87.739 18.693
-
0 33.641 -85.286 18.516
-
0 32.363 -84.558 18.388
-
0 33.431 -89.585 17.517
-
0 33.737 -87.920 17.503
-
0 33.616 -87.367 18.375
-
0 35.646 -87.457 17.633
-
0 37.422 -85.421 17.465
-
0 36.287 -84.869 18.203
-
0 36.661 -87.082 18.069
-
0 37.270 -88.338 17.718
-
0 37.647 -91.028 18.076
-
0 39.026 -88.230 18.503
-
0 39.547 -90.093 17.812
-
0 39.310 -87.161 18.653
-
0 41.933 -90.488 18.137
-
0 40.291 -85.438 17.433
-
0 41.472 -86.627 17.924
-
0 42.887 -90.321 17.694
-
0 43.798 -90.669 17.764
-
0 44.473 -90.061 17.710
-
0 45.800 -85.944 18.618
-
0 43.509 -84.833 17.923
-
0 45.500 -84.524 17.288
-
0 45.128 -85.686 18.708
-
0 46.879 -91.220 17.740
-
0 45.410 -87.081 18.714
-
0 49.235 -88.306 18.648
-
0 49.241 -89.908 18.531
-
0 48.237 -86.210 18.136
-
0 50.408 -89.859 17.876
-
0 51.450 -88.647 17.834
-
0 50.559 -85.347 17.989
-
0 52.380 -90.686 18.428
-
0 52.501 -85.708 18.185
-
0 52.252 -85.723 17.797
-
0 51.009 -90.769 18.664
-
0 53.632 -86.748 17.503
-
0 55.240 -86.997 18.160
-
0 55.233 -88.474 18.397
-
0 55.760 -84.601 18.547
-
0 55.395 -87.290 18.245
-
0 55.583 -87.878 18.663
-
0 56.649 -89.930 18.550
-
0 57.297 -91.011 17.712
-
0 58.751 -86.264 18.081
-
0 57.816 -86.468 17.537
-
0 56.821 -91.384 17.632
-
0 60.736 -87.705 18.479
-
0 59.456 -90.308 18.689
-
0 60.076 -86.352 18.650
-
0 61.984 -90.154 18.698
-
0 60.209 -85.355 17.379
-
0 63.188 -87.559 17.554
-
0 65.670 -86.514 17.563
-
0 64.793 -89.810 18.498
-
0 65.682 -85.890 18.237
-
0 62.687 -91.190 17.859
-
0 63.354 -89.157 18.636
-
0 67.311 -84.789 18.126
-
0 64.668 -86.636 17.382
-
0 69.420 -91.501 18.092
-
0 67.819 -91.295 17.627
-
0 67.548 -85.102 17.597
-
0 67.646 -85.393 18.419
-
0 70.597 -86.254 18.240
-
0 67.859 -89.917 17.737
-
0 70.019 -88.432 18.254
-
0 72.760 -87.240 17.832
-
0 72.625 -88.193 17.556
-
0 74.113 -89.394 18.647
-
0 73.931 -88.858 18.335
-
0 73.380 -86.309 18.705
-
0 71.922 -88.940 18.659
-
0 73.090 -87.595 18.425
-
0 76.578 -86.072 17.661
-
0 73.682 -85.047 17.557
-
0 75.187 -86.798 18.477
-
0 76.417 -90.009 18.522
-
0 76.393 -90.827 17.749
-
0 77.515 -88.701 17.703
-
0 75.606 -89.442 18.087
-
0 80.201 -84.667 18.282
-
0 76.867 -86.329 18.710
-
0 82.265 -89.253 18.371
-
0 84.085 -86.413 17.864
-
0 82.955 -90.446 17.348
-
0 79.224 -89.816 18.014
-
0 81.565 -91.509 18.126
-
0 83.334 -90.299 17.594
-
0 85.268 -86.037 18.517
-
0 86.398 -89.465 18.606
-
0 83.495 -86.583 18.312
-
0 88.214 -89.273 17.603
-
0 85.918 -89.590 17.664
-
0 84.590 -88.686 17.488
-
0 90.184 -86.749 17.602
-
0 86.778 -87.781 18.620
-
0 89.398 -87.542 17.385
-
0 87.281 -90.354 17.694
-
0 87.707 -90.953 17.518
-
0 89.360 -90.375 17.795
-
0 90.842 -87.822 18.305
-
0 91.270 -90.040 18.644
-
0 90.995 -88.481 17.635
-
0 90.186 -88.906 17.534
-
0 95.049 -86.925 17.522
-
0 90.768 -90.555 17.711
-
0 91.043 -84.600 17.602
-
0 98.098 -84.956 17.664
-
0 97.084 -86.025 18.070
-
0 93.224 -88.726 18.547
-
0 95.120 -89.910 17.328
-
0 93.597 -86.743 18.424
-
0 99.730 -88.533 17.497
-
0 99.730 -88.318 17.607
-
0 97.924 -89.908 17.317
-
0 100.126 -87.757 17.347
-
0 100.003 -90.981 18.429
-
0 99.973 -87.190 18.494
-
0 97.899 -90.183 17.911
-
0 100.871 -87.355 18.708
-
0 98.600 -88.833 17.309
-
0 103.058 -87.521 17.803
-
0 106.130 -84.914 17.780
-
0 100.112 -89.342 18.567
-
0 103.714 -87.030 17.728
-
0 101.441 -91.097 17.771
-
0 109.206 -87.767 18.374
-
0 103.008 -86.381 17.602
-
0 105.335 -87.942 17.499
-
0 108.291 -90.875 18.179
-
0 111.990 -89.709 17.720
-
0 106.390 -87.734 18.200
-
0 110.823 -90.408 18.503
-
0 109.880 -86.608 17.337
-
0 113.921 -86.919 17.427
-
0 111.037 -85.115 18.603
-
0 115.673 -89.628 17.839
-
0 110.729 -86.709 18.505
-
0 111.581 -90.960 18.489
-
0 111.307 -88.950 17.953
-
0 118.416 -87.721 18.038
-
0 116.607 -86.961 17.819
-
0 111.053 -88.070 18.659
-
0 111.235 -89.825 17.678
-
0 118.145 -89.207 17.590
-
0 114.569 -89.697 17.404
-
0 112.820 -86.021 18.599
-
0 120.899 -91.489 17.526
-
0 116.552 -91.157 17.474
-
0 114.669 -91.359 18.205
-
0 121.477 -91.022 17.412
-
0 118.493 -89.134 18.179
-
0 123.939 -85.706 18.255
-
0 124.312 -86.459 17.846
-
0 122.461 -86.328 18.236
-
0 120.522 -85.657 18.057
-
0 125.359 -87.228 17.440
-
0 119.214 -89.568 17.616
-
0 124.468 -85.308 17.331
-
0 128.080 -90.481 17.368
-
0 126.709 -86.057 18.565
-
0 128.343 -90.706 18.693
-
0 123.478 -90.500 18.551
-
0 132.137 -86.282 18.365
-
0 125.845 -87.023 17.496
-
0 124.093 -85.466 18.608
-
0 124.779 -88.286 18.409
-
0 125.476 -87.297 17.814
-
0 128.000 -84.884 17.761
-
0 129.250 -84.940 18.295
-
0 130.631 -88.617 18.181
-
0 129.541 -85.391 18.536
-
0 131.386 -86.426 18.340
-
0 131.528 -86.384 17.846
-
0 137.219 -89.161 18.008
-
0 134.665 -90.703 17.896
-
0 130.682 -89.718 17.627
-
0 131.693 -85.070 17.597
-
0 135.628 -90.490 18.445
-
0 140.780 -87.728 18.405
-
0 135.005 -91.500 17.419
-
0 140.070 -91.324 17.870
-
0 140.971 -89.749 17.777
-
0 133.658 -86.806 18.129
-
0 140.808 -87.211 18.437
-
0 141.499 -87.346 17.761
-
0 137.413 -88.028 17.340
-
0 145.831 -91.033 17.579
-
0 143.550 -91.400 17.781
-
0 147.433 -84.739 17.715
-
0 147.531 -89.611 18.208
-
0 148.284 -85.084 18.418
-
0 142.263 -87.072 17.304
-
0 145.843 -88.209 17.794
-
0 143.831 -88.841 17.462
-
0 150.405 -85.969 18.206
-
0 143.871 -88.248 18.477
-
0 151.409 -86.551 18.265
-
0 143.620 -90.217 17.503
-
0 146.094 -87.250 17.754
-
0 144.303 -86.477 17.750
-
0 146.114 -87.829 17.975
-
0 154.867 -85.431 18.631
-
0 148.362 -88.974 17.711
-
0 154.081 -90.992 18.604
-
0 154.127 -85.572 18.113
-
0 153.634 -88.962 17.369
-
0 152.630 -89.303 18.108
-
0 149.903 -88.168 17.946
-
0 152.505 -88.404 18.004
-
0 157.556 -86.540 18.170
-
0 151.882 -89.327 17.913
-
0 159.886 -87.627 18.414
-
0 154.482 -86.535 17.787
-
0 160.118 -84.899 18.575
-
0 161.492 -90.443 17.392
-
0 158.039 -88.916 17.415
-
0 154.399 -85.991 17.845
-
0 161.266 -85.573 17.697
-
0 163.802 -89.148 18.276
-
0 160.546 -89.365 18.607
-
0 164.400 -87.333 17.493
-
0 161.610 -84.609 18.259
-
0 166.841 -91.352 18.432
-
0 165.295 -90.592 17.558
-
0 167.495 -84.540 18.082
-
0 167.440 -89.141 18.351
-
0 160.171 -85.928 17.575
-
0 162.398 -88.656 17.818
-
0 164.607 -86.425 18.312
-
0 164.870 -91.350 18.450
-
0 163.909 -87.186 17.961
-
0 165.890 -89.253 17.631
-
0 164.350 -85.149 18.426
-
0 174.012 -91.201 18.419
-
0 172.658 -88.325 18.363
-
0 163.072 -91.518 17.307
-
0 170.568 -88.383 18.462
-
0 173.374 -90.554 18.181
-
0 172.160 -90.563 17.687
-
0 166.171 -90.953 18.262
-
0 175.424 -89.767 17.648
-
0 177.515 -91.214 17.620
-
0 167.102 -88.731 17.465
-
0 171.132 -90.724 17.768
-
0 176.170 -91.368 18.198
-
0 170.114 -88.722 18.127
-
0 170.136 -87.842 17.835
-
0 180.378 -85.062 17.577
-
0 182.918 -89.963 18.630
-
0 172.441 -87.527 18.234
-
0 174.346 -86.876 17.947
-
0 176.506 -87.508 17.974
-
0 179.206 -91.393 18.448
-
0 182.174 -88.552 18.040
-
0 185.081 -87.159 18.684
-
0 184.983 -90.669 18.492
-
0 174.043 -90.542 18.051
-
0 180.188 -84.590 17.986
-
0 185.325 -91.484 17.690
-
0 176.757 -88.167 18.166
-
0 176.364 -90.676 17.408
-
0 182.758 -89.038 17.921
-
0 187.065 -87.593 18.548
-
0 186.711 -90.704 18.572
-
0 182.347 -85.838 18.226
-
0 186.230 -90.961 18.711
-
0 190.092 -85.125 17.947
-
0 180.959 -88.185 18.478
-
0 189.042 -85.113 18.287
-
0 187.536 -88.397 18.330
-
0 183.283 -89.223 18.622
-
0 185.197 -85.505 17.571
-
0 185.525 -91.263 18.310
-
0 194.511 -86.865 17.620
-
0 184.184 -86.974 17.805
-
0 191.541 -86.429 17.464
-
0 197.866 -85.040 18.571
-
0 192.670 -90.579 18.515
-
0 189.394 -89.590 18.092
-
0 188.715 -91.024 17.652
-
0 191.116 -88.085 17.338
-
0 201.533 -89.633 17.452
-
0 197.223 -90.928 18.494
-
0 200.896 -89.222 17.568
-
0 190.798 -91.515 17.759
-
0 197.007 -89.685 18.586
-
0 198.653 -91.306 17.859
-
0 192.392 -84.618 17.555
-
0 193.945 -86.122 18.710
-
0 207.873 -88.096 18.712
-
0 205.353 -87.715 18.592
-
0 202.776 -87.014 17.404
-
0 203.255 -85.829 17.540
-
0 200.334 -85.856 17.913
-
0 202.744 -90.945 18.430
-
0 209.422 -86.146 18.211
-
0 200.765 -88.378 17.480
-
0 200.224 -90.423 18.049
-
0 210.963 -85.717 17.565
-
0 205.663 -86.664 18.592
-
0 206.967 -84.690 17.527
-
0 200.469 -89.357 18.147
-
0 215.791 -84.527 18.079
-
0 200.807 -85.188 17.289
-
0 210.130 -88.403 18.373
-
0 212.384 -88.165 18.461
-
0 209.844 -89.249 18.086
-
0 203.033 -86.988 17.621
-
0 207.217 -90.002 18.685
-
0 204.065 -85.450 17.995
-
0 213.051 -91.415 17.726
-
0 218.592 -90.095 18.102
-
0 205.902 -85.050 17.646
-
0 220.995 -85.939 18.485
-
0 214.248 -86.260 17.898
-
0 206.890 -91.181 18.425
-
0 219.742 -87.767 18.104
-
0 221.029 -89.275 17.513
-
0 214.626 -87.598 17.752
-
0 216.745 -90.638 18.128
-
0 221.082 -86.984 17.605
-
0 221.922 -87.528 18.474
-
0 221.072 -85.177 18.406
-
0 228.418 -89.502 18.144
-
0 217.125 -90.463 18.079
-
0 229.054 -90.838 18.332
-
0 223.086 -86.047 18.230
-
0 223.171 -86.779 17.674
-
0 221.491 -88.125 17.691
-
0 221.418 -85.755 17.590
-
0 231.640 -87.431 18.438
-
0 216.640 -88.229 18.308
-
0 229.426 -85.269 18.022
-
0 223.813 -86.218 18.129
-
0 219.071 -89.654 18.594
-
0 225.004 -91.483 17.558
-
0 229.567 -88.449 18.539
-
0 233.319 -91.196 17.299
-
0 233.622 -88.151 18.192
-
0 230.275 -86.624 17.524
-
0 231.341 -90.181 18.631
-
0 236.685 -90.127 18.163
-
0 239.007 -87.563 17.436
-
0 231.280 -87.621 18.239
-
0 239.306 -88.514 18.216
-
0 227.712 -88.731 18.671
-
0 231.111 -86.635 18.385
-
0 233.081 -88.432 18.453
-
0 233.551 -85.323 17.672
-
0 241.966 -90.079 18.440
-
0 227.060 -91.460 17.800
-
0 232.055 -89.758 17.360
-
0 233.755 -86.407 17.595
-
0 238.094 -87.214 18.484
-
0 237.918 -89.957 17.286
-
0 236.025 -88.405 17.411
-
0 230.513 -88.407 17.412
-
0 232.870 -87.259 18.589
-
0 249.203 -90.457 17.785
-
0 249.466 -90.232 17.426
-
0 250.200 -86.412 17.664
-
0 233.796 -91.425 18.062
-
0 236.707 -87.788 17.293
-
0 235.705 -88.684 17.289
-
0 246.369 -88.832 18.025
-
0 249.206 -89.272 18.460
-
0 250.406 -86.575 18.473
-
0 242.632 -86.087 18.229
-
0 255.393 -88.261 17.830
-
0 252.083 -87.662 17.448
-
0 251.022 -90.925 18.541
-
0 242.884 -89.047 18.451
-
0 249.300 -84.728 17.743
-
0 247.354 -90.759 18.531
-
0 244.306 -85.952 18.187
-
0 255.056 -89.465 18.012
-
0 242.688 -90.916 17.428
-
0 243.924 -86.864 18.214
-
0 242.080 -88.395 17.683
-
0 243.902 -88.266 17.506
-
0 259.798 -88.818 17.820
-
0 260.538 -86.582 17.727
-
0 244.494 -84.570 18.626
-
0 261.223 -89.209 17.418
-
0 257.321 -90.300 18.712
-
0 254.243 -87.827 18.287
-
0 261.048 -89.550 17.394
-
0 246.653 -86.334 18.295
-
0 251.332 -90.416 17.797
-
0 256.657 -86.673 18.108
-
0 259.341 -89.076 18.338
-
0 251.308 -88.058 17.800
-
0 263.575 -87.318 18.421
-
0 263.252 -85.337 18.515
-
0 252.481 -88.429 17.959
-
0 256.600 -86.080 18.020
-
0 265.919 -89.376 18.598
-
0 254.938 -89.270 17.452
-
0 265.498 -88.288 18.385
-
0 273.642 -88.134 17.322
-
0 269.447 -89.120 18.584
-
0 274.776 -87.897 17.862
-
0 263.357 -85.111 17.366
-
0 265.552 -87.463 18.223
-
0 276.281 -87.220 18.196
-
0 262.636 -90.731 18.653
-
0 260.171 -89.872 17.813
-
0 266.543 -89.266 17.286
-
0 265.801 -88.252 18.462
-
0 274.576 -90.334 17.674
-
0 265.518 -89.341 17.911
-
0 267.501 -90.664 18.503
-
0 260.857 -91.425 18.123
-
0 272.325 -85.139 17.497
-
0 272.220 -84.999 17.286
-
0 280.135 -89.011 18.364
-
0 264.616 -90.656 17.582
-
0 266.886 -89.155 18.386
-
0 271.230 -89.790 17.485
-
0 279.022 -90.691 17.475
-
0 281.207 -84.967 17.638
-
0 270.024 -86.140 18.635
-
0 266.575 -87.131 17.877
-
0 269.548 -89.078 18.458
-
0 278.799 -89.167 18.388
-
0 276.559 -89.479 18.322
-
0 274.136 -86.717 17.398
-
0 276.676 -90.197 18.465
-
0 280.315 -91.037 17.405
-
0 269.761 -85.493 17.545
-
0 279.456 -90.156 18.242
-
0 291.512 -86.455 18.494
-
0 272.596 -85.138 17.417
-
0 284.338 -89.319 17.379
-
0 281.642 -90.428 18.437
-
0 276.509 -88.572 17.632
-
0 292.155 -91.412 17.452
-
0 283.545 -89.887 17.737
-
0 280.797 -88.494 18.065
-
0 291.715 -85.622 18.350
-
0 283.018 -86.529 17.473
-
0 295.151 -85.084 18.703
-
0 286.418 -88.261 17.550
-
0 285.210 -84.573 17.386
-
0 300.158 -86.808 17.553
-
0 291.853 -90.693 17.417
-
0 290.717 -85.361 17.296
-
0 289.861 -85.512 18.602
-
0 290.832 -90.052 17.282
-
0 303.827 -87.596 17.468
-
0 290.987 -90.174 17.923
-
0 291.476 -89.271 17.590
-
0 296.880 -89.373 18.498
-
0 294.914 -90.580 18.274
-
0 290.571 -87.483 18.367
-
0 297.446 -88.161 18.198
-
0 294.924 -84.824 17.580
-
0 300.907 -90.414 18.092
-
0 306.262 -90.226 18.016
-
0 304.328 -84.502 18.043
-
0 293.124 -85.719 18.709
-
0 301.537 -87.421 18.706
-
0 301.794 -86.377 17.315
-
0 302.513 -86.239 18.697
-
0 290.906 -88.636 18.142
-
0 293.386 -88.877 17.889
-
0 312.919 -85.701 17.540
-
0 306.019 -89.048 18.585
-
0 312.442 -88.034 18.346
-
0 294.089 -86.646 17.497
-
0 305.396 -91.374 17.619
-
0 316.012 -86.949 18.713
-
0 310.569 -88.861 18.040
-
0 317.708 -88.138 17.945
-
0 302.400 -86.215 18.179
-
0 296.354 -88.194 17.918
-
0 319.595 -89.882 17.451
-
0 318.709 -88.202 18.355
-
0 307.023 -91.274 17.400
-
0 305.538 -90.767 18.559
-
0 308.038 -85.658 17.399
-
0 301.289 -89.485 18.628
-
0 310.782 -89.108 17.429
-
0 309.250 -90.986 18.365
-
0 306.973 -90.018 18.093
-
0 323.005 -87.596 17.392
-
0 319.893 -90.808 17.495
-
0 304.714 -86.045 18.007
-
0 313.544 -84.868 17.839
-
0 324.896 -88.250 18.064
-
0 328.549 -90.744 17.295
-
0 324.139 -88.435 18.210
-
0 314.368 -88.814 17.801
-
0 315.298 -90.006 17.951
-
0 321.313 -88.210 17.589
-
0 313.737 -87.055 17.804
-
0 310.859 -86.881 17.688
-
0 323.363 -90.224 17.780
-
0 321.298 -85.388 18.125
-
0 326.687 -88.978 18.297
-
0 316.064 -90.385 17.929
-
0 334.989 -88.909 18.161
-
0 329.951 -87.278 18.399
-
0 317.062 -89.941 18.658
-
0 323.925 -91.367 18.611
-
0 334.884 -84.813 18.565
-
0 319.185 -89.581 18.601
-
0 314.980 -85.414 18.042
-
0 326.898 -88.924 17.660
-
0 321.933 -89.188 17.765
-
0 329.150 -91.192 17.994
-
0 317.912 -90.322 17.530
-
0 316.608 -90.220 17.413
-
0 335.490 -90.985 18.676
-
0 322.258 -90.910 17.378
-
0 319.885 -90.902 18.180
-
0 332.275 -89.956 18.030
-
0 336.391 -87.434 17.690
-
0 320.573 -90.509 18.058
-
0 336.488 -89.795 18.718
-
0 322.634 -86.210 17.655
-
0 324.136 -91.053 18.305
-
0 335.195 -89.320 17.944
-
0 335.692 -87.685 17.635
-
0 332.355 -85.156 17.481
-
0 348.053 -85.900 17.866
-
0 347.503 -87.637 17.401
-
0 346.469 -90.788 18.511
-
0 331.506 -85.060 18.298
-
0 325.475 -84.487 18.700
-
0 345.847 -91.141 18.499
-
0 351.273 -85.947 18.235
-
0 341.300 -91.290 18.271
-
0 338.608 -84.492 17.723
-
0 342.232 -89.249 17.870
-
0 347.729 -87.953 17.628
-
0 340.576 -87.865 17.597
-
0 329.568 -87.365 17.670
-
0 349.659 -86.700 17.978
-
0 342.425 -90.732 18.197
-
0 336.425 -90.973 17.340
-
0 338.503 -88.531 18.385
-
0 335.558 -91.344 17.816
-
0 358.443 -87.231 18.078
-
0 342.775 -91.429 17.551
-
0 336.753 -87.899 17.960
-
0 345.544 -86.420 17.825
-
0 356.154 -86.322 17.439
-
0 354.720 -87.864 17.513
-
0 345.731 -87.249 17.316
-
0 342.241 -90.497 17.548
-
0 345.199 -86.869 17.580
-
0 338.077 -84.708 17.440
-
0 363.230 -89.895 17.824
-
0 340.402 -87.870 18.250
-
0 358.182 -85.911 17.817
-
0 367.790 -89.376 17.524
-
0 360.568 -86.489 18.206
-
0 361.142 -86.152 18.396
-
0 347.335 -90.225 17.959
-
0 359.679 -87.653 18.488
-
0 368.021 -89.118 18.285
-
0 353.612 -87.377 18.117
-
0 346.443 -84.956 17.590
-
0 365.667 -85.178 17.467
-
0 371.705 -90.755 17.313
-