0 19.315 -84.578 18.715
1 246.809 263.221 -19.586
-
0 20.411 -90.996 17.403
1 242.298 271.662 -18.303
-
0 20.830 -88.745 17.379
1 243.739 260.548 -19.324
-
0 21.173 -87.007 17.575
1 241.580 258.440 -19.554
-
0 22.758 -88.067 18.205
1 253.844 252.950 -19.622
-
0 22.431 -90.164 17.285
1 241.800 255.789 -18.475
-
0 24.232 -86.709 17.525
1 245.529 267.192 -18.264
-
0 24.749 -87.368 17.816
1 248.169 257.301 -18.891
-
0 25.481 -90.968 17.882
1 253.623 258.957 -19.330
-
0 24.577 -90.887 18.526
1 244.303 266.426 -19.478
-
0 24.952 -88.940 18.277
1 244.099 256.707 -18.870
-
0 26.025 -87.437 18.586
1 241.061 260.074 -19.166
-
0 26.775 -89.026 18.156
1 238.524 264.087 -18.261
-
0 26.878 -85.343 18.653
1 251.651 262.813 -19.614
-
0 29.062 -84.984 17.871
1 249.397 262.944 -19.360
-
0 27.977 -84.525 17.787
1 234.978 253.974 -19.560
-
0 28.528 -89.489 18.580
1 245.983 256.978 -18.345
-
0 29.093 -91.454 17.795
1 248.655 256.926 -18.723
-
0 31.053 -89.107 17.736
1 232.860 256.998 -19.426
-
0 30.850 -91.336 18.019
1 232.464 263.373 -18.731
-
0 32.196 -91.295 17.495
1 236.462 262.327 -18.670
-
0 32.757 -85.330 18.258
1 243.032 270.559 -18.569
-
0 33.877 -88.565 17.862
1 242.586 261.737 -18.820
-
0 33.465 -89.632 18.018
1 238.359 267.790 -19.086
-
0 32.581 -88.985 18.545
1 229.234 261.301 -18.257
-
0 34.805 -86.516 17.983
1 232.021 258.478 -18.882
-
0 36.207 -89.899 18.359
1 233.752 264.906 -19.267
-
0 35.012 -86.385 17.766
1 227.925 268.664 -18.255
-
0 36.963 -90.130 18.248
1 234.322 261.275 -19.205
-
0 37.067 -87.089 18.061
1 231.371 264.941 -19.120
-
0 37.351 -84.648 18.562
1 223.602 256.982 -18.397
-
0 37.109 -86.109 17.979
1 238.888 261.223 -19.062
-
0 37.946 -87.617 17.516
1 229.894 273.442 -19.395
-
0 38.169 -86.732 18.219
1 237.994 272.366 -18.513
-
0 39.816 -87.942 17.447
1 238.498 257.110 -18.724
-
0 38.590 -87.315 18.352
1 227.009 267.321 -19.019
-
0 40.564 -86.371 17.677
1 225.429 273.402 -19.747
-
0 39.777 -85.564 17.791
1 218.545 266.901 -19.638
-
0 41.671 -86.790 18.056
1 218.281 260.806 -19.517
-
0 42.751 -90.464 17.943
1 234.666 260.856 -19.593
-
0 44.412 -85.630 17.622
1 225.666 259.683 -19.487
-
0 42.612 -85.767 17.491
1 225.048 262.115 -19.721
-
0 43.404 -85.872 18.237
1 221.459 268.029 -18.400
-
0 43.682 -90.614 18.384
1 220.258 263.024 -18.689
-
0 46.963 -87.965 18.574
1 226.206 267.054 -19.579
-
0 47.345 -89.008 18.644
1 217.730 271.396 -19.513
-
0 46.704 -84.570 18.124
1 219.413 256.305 -18.884
-
0 46.636 -84.744 17.658
1 213.907 269.730 -19.461
-
0 47.498 -90.081 18.717
1 218.033 266.845 -18.460
-
0 49.720 -87.128 18.400
1 225.721 260.579 -18.565
-
0 50.679 -90.337 18.689
1 213.169 266.077 -18.789
-
0 48.454 -89.718 17.890
1 219.796 270.379 -18.828
-
0 49.430 -86.787 17.574
1 215.092 253.007 -19.024
-
0 51.151 -86.463 17.617
1 219.272 260.479 -18.471
-
0 51.333 -86.209 18.229
1 222.257 254.611 -18.397
-
0 50.959 -91.222 18.332
1 218.169 258.764 -18.919
-
0 50.358 -85.650 17.372
1 215.904 271.271 -19.426
-
0 50.947 -91.232 17.759
1 211.050 253.713 -18.506
-
0 53.884 -90.123 18.317
1 214.792 259.762 -19.080
-
0 55.124 -85.862 18.719
1 210.175 253.661 -19.295
-
0 52.668 -91.337 17.806
1 209.261 256.246 -19.687
-
0 55.537 -86.049 18.129
1 218.295 254.516 -19.040
-
0 54.156 -85.253 17.313
1 205.866 266.322 -18.467
-
0 56.798 -86.050 18.388
1 213.857 265.752 -19.526
-
0 54.986 -88.216 18.573
1 211.195 255.706 -19.375
-
0 55.977 -84.787 18.550
1 203.785 270.612 -19.626
-
0 57.300 -85.778 17.642
1 214.025 256.477 -19.398
-
0 57.185 -87.862 18.421
1 203.286 268.277 -18.425
-
0 59.308 -86.481 17.525
1 210.835 270.515 -18.504
-
0 58.009 -91.055 18.167
1 208.730 265.723 -18.521
-
0 60.847 -86.929 18.325
1 204.836 254.620 -18.932
-
0 60.196 -90.957 18.344
1 205.004 257.016 -18.869
-
0 60.396 -89.880 17.723
1 202.287 256.580 -18.415
-
0 61.165 -90.450 17.413
1 207.340 273.080 -18.761
-
0 62.058 -88.959 18.341
1 211.580 270.169 -18.938
-
0 65.209 -88.794 17.426
1 209.964 273.276 -18.560
-
0 64.999 -88.846 17.441
1 195.803 256.374 -18.583
-
0 65.074 -86.720 18.178
1 198.665 254.834 -19.725
-
0 65.349 -85.131 17.823
1 205.520 268.879 -18.713
-
0 64.676 -86.913 17.336
1 205.223 253.606 -19.658
-
0 64.710 -86.038 17.439
1 202.295 255.702 -19.038
-
0 64.002 -90.045 17.305
1 206.567 263.795 -19.641
-
0 66.786 -88.969 18.128
1 201.836 263.712 -19.573
-
0 68.804 -86.773 17.934
1 200.983 266.729 -18.594
-
0 66.819 -88.065 17.838
1 198.054 269.809 -19.357
-
0 70.626 -91.260 17.851
1 201.129 260.145 -18.707
-
0 69.722 -86.938 18.050
1 190.828 268.532 -19.389
-
0 68.223 -85.335 17.350
1 198.661 261.417 -18.341
-
0 69.610 -88.226 17.285
1 199.521 258.509 -19.175
-
0 71.986 -86.983 17.352
1 189.788 258.926 -19.026
-
0 69.838 -91.255 17.794
1 190.703 253.743 -19.022
-
0 72.428 -84.997 17.778
1 200.225 264.919 -19.683
-
0 71.454 -88.234 18.672
1 191.823 266.629 -18.900
-
0 73.414 -87.080 17.390
1 197.548 263.246 -19.286
-
0 73.203 -86.150 18.628
1 186.716 267.301 -18.522
-
0 77.094 -88.726 18.419
1 186.857 265.155 -19.340
-
0 73.114 -84.545 18.630
1 186.103 254.041 -18.394
-
0 73.699 -89.483 18.713
1 183.821 260.245 -18.835
-
0 77.454 -88.064 17.887
1 185.358 263.910 -19.116
-
0 75.598 -85.450 18.711
1 188.193 261.679 -18.966
-
0 80.700 -85.547 17.505
1 186.769 269.364 -19.062
-
0 79.394 -86.340 17.604
1 181.856 265.761 -19.656
-
0 80.794 -86.285 17.351
1 192.200 254.966 -18.443
-
0 81.121 -89.796 18.674
1 193.128 256.831 -19.537
-
0 82.368 -87.215 18.051
1 188.375 262.022 -18.978
-
0 83.570 -86.644 17.946
1 179.252 261.810 -18.875
-
0 80.393 -90.669 17.404
1 180.512 259.602 -18.826
-
0 81.939 -85.363 18.542
1 180.569 267.417 -19.714
-
0 83.107 -87.352 17.738
1 182.173 263.037 -18.389
-
0 80.165 -87.006 17.856
1 184.566 257.113 -18.594
-
0 81.838 -85.088 18.262
1 180.912 263.796 -18.831
-
0 84.606 -90.857 17.651
1 181.923 253.652 -18.989
-
0 82.125 -84.757 17.779
1 174.824 256.903 -19.175
-
0 85.346 -91.126 17.308
1 185.497 268.474 -19.633
-
0 82.419 -86.865 18.633
1 179.797 265.592 -18.332
-
0 88.786 -87.287 17.372
1 174.999 259.086 -18.308
-
0 86.003 -89.539 18.242
1 185.623 264.565 -19.195
-
0 84.736 -85.536 18.461
1 183.841 263.607 -19.262
-
0 86.228 -89.293 18.166
1 173.187 257.712 -19.562
-
0 89.944 -84.857 18.706
1 177.218 265.445 -18.451
-
0 92.399 -91.152 18.689
1 172.323 268.918 -19.130
-
0 91.211 -84.633 18.452
1 173.835 266.616 -19.386
-
0 90.967 -84.861 18.119
1 173.660 263.154 -18.249
-
0 92.801 -86.141 18.144
1 171.222 256.356 -18.518
-
0 90.207 -85.846 17.743
1 172.335 258.294 -19.325
-
0 92.092 -88.885 18.617
1 168.929 253.538 -19.582
-
0 90.710 -89.315 18.014
1 170.782 263.908 -19.647
-
0 95.902 -88.988 18.170
1 172.874 261.189 -19.413
-
0 93.740 -84.831 17.865
1 168.215 273.184 -19.319
-
0 92.306 -91.351 18.160
1 171.400 261.102 -19.128
-
0 95.650 -89.626 17.385
1 165.089 267.946 -18.242
-
0 98.216 -89.832 17.934
1 173.620 260.584 -19.038
-
0 96.343 -85.823 18.716
1 174.926 263.575 -18.776
-
0 94.832 -91.372 18.648
1 164.104 267.434 -19.609
-
0 100.317 -87.229 18.073
1 170.856 267.219 -19.724
-
0 97.949 -91.244 18.125
1 173.102 252.573 -18.403
-
0 96.986 -89.686 18.711
1 162.188 261.560 -19.055
-
0 101.714 -85.255 17.916
1 170.536 266.278 -18.812
-
0 102.837 -84.845 18.298
1 172.615 258.874 -19.665
-
0 100.354 -91.052 18.430
1 159.416 261.287 -19.422
-
0 100.006 -84.780 17.363
1 167.749 258.447 -18.537
-
0 104.337 -89.288 18.359
1 167.536 264.110 -18.944
-
0 105.371 -90.129 18.100
1 159.854 255.391 -19.259
-
0 105.321 -88.881 18.033
1 165.132 260.111 -19.595
-
0 100.992 -88.876 17.321
1 165.713 266.104 -18.462
-
0 104.124 -86.704 17.735
1 162.626 270.322 -19.168
-
0 106.438 -88.304 18.685
1 157.725 264.553 -18.990
-
0 101.241 -85.579 18.178
1 157.756 267.655 -18.502
-
0 107.052 -85.700 18.419
1 164.979 256.886 -18.274
-
0 105.412 -88.268 18.102
1 153.497 272.575 -18.641
-
0 102.348 -88.299 18.173
1 163.845 261.650 -19.704
-
0 111.071 -89.724 18.498
1 162.045 269.242 -18.737
-
0 105.715 -90.505 18.433
1 155.701 255.450 -18.562
-
0 108.193 -87.351 18.286
1 153.320 260.632 -19.424
-
0 105.783 -89.826 18.460
1 153.371 267.033 -18.683
-
0 108.193 -86.354 18.663
1 155.826 264.735 -19.278
-
0 109.488 -84.734 17.454
1 154.870 253.192 -18.340
-
0 107.832 -88.279 17.981
1 158.327 266.811 -19.641
-
0 107.733 -88.689 17.628
1 158.520 256.223 -19.450
-
0 108.384 -89.806 17.596
1 156.148 268.026 -19.669
-
0 108.025 -88.729 18.052
1 151.595 272.563 -19.068
-
0 109.074 -84.861 18.281
1 146.226 255.948 -18.364
-
0 111.730 -90.984 18.026
1 153.868 261.004 -18.738
-
0 111.941 -91.389 17.580
1 147.620 272.718 -19.673
-
0 116.557 -88.576 17.483
1 145.015 257.298 -18.284
-
0 114.193 -89.260 18.176
1 154.252 258.798 -19.282
-
0 112.830 -85.848 18.553
1 144.937 269.723 -18.687
-
0 117.419 -84.859 17.938
1 148.217 252.966 -18.961
-
0 119.447 -88.033 18.300
1 145.277 261.816 -18.409
-
0 118.920 -88.235 17.496
1 148.030 254.033 -18.923
-
0 116.464 -87.359 18.486
1 147.393 264.886 -19.337
-
0 119.971 -85.017 17.773
1 150.934 272.230 -19.102
-
0 115.356 -85.920 17.508
1 149.652 271.352 -19.624
-
0 121.436 -84.668 17.982
1 150.526 268.752 -18.433
-
0 116.516 -86.564 17.621
1 143.155 252.885 -19.210
-
0 124.658 -90.440 18.397
1 141.001 263.018 -19.195
-
0 125.812 -85.575 18.058
1 138.083 258.917 -19.391
-
0 123.672 -90.099 17.430
1 147.422 261.535 -18.676
-
0 126.227 -89.382 17.682
1 144.553 253.808 -18.355
-
0 122.054 -90.376 17.288
1 138.914 268.716 -19.498
-
0 120.070 -87.034 17.505
1 138.206 252.531 -19.745
-
0 121.715 -89.468 18.701
1 141.556 257.684 -18.750
-
0 123.133 -87.972 17.894
1 139.279 255.451 -18.306
-
0 129.930 -90.894 18.066
1 136.289 254.650 -19.329
-
0 127.001 -91.341 18.316
1 138.573 254.871 -18.399
-
0 121.847 -88.536 17.726
1 133.810 262.263 -19.098
-
0 127.241 -89.406 18.060
1 135.367 263.266 -19.736
-
0 132.122 -88.641 18.357
1 135.012 269.341 -19.568
-
0 124.920 -86.782 18.497
1 138.590 259.560 -19.118
-
0 129.433 -88.891 18.615
1 135.495 259.841 -18.825
-
0 130.918 -86.646 17.753
1 137.086 270.888 -19.008
-
0 126.749 -85.561 18.574
1 136.382 267.271 -19.104
-
0 129.422 -84.543 18.200
1 129.545 270.741 -18.801
-
0 129.984 -87.915 18.369
1 133.209 258.921 -18.474
-
0 130.902 -88.643 18.065
1 129.512 265.260 -18.994
-
0 130.275 -86.897 18.614
1 131.697 266.677 -19.705
-
0 132.759 -89.766 18.318
1 125.873 270.364 -18.829
-
0 132.874 -84.708 17.438
1 129.009 263.602 -18.346
-
0 138.782 -85.332 17.948
1 126.858 256.099 -18.591
-
0 130.529 -85.557 18.513
1 132.345 260.570 -18.631
-
0 140.447 -88.061 18.277
1 128.176 259.485 -18.335
-
0 133.478 -87.394 17.860
1 132.836 255.080 -19.057
-
0 133.284 -88.110 18.197
1 131.869 265.554 -19.088
-
0 136.399 -90.323 17.321
1 121.907 265.571 -18.826
-
0 137.172 -84.604 18.433
1 123.892 257.564 -19.205
-
0 140.091 -86.640 17.737
1 121.794 257.266 -18.518
-
0 143.695 -86.828 17.587
1 125.096 272.452 -19.651
-
0 141.442 -85.192 18.506
1 128.495 272.964 -18.938
-
0 144.613 -86.903 17.894
1 124.160 255.898 -19.496
-
0 141.061 -88.628 18.099
1 120.612 259.799 -18.667
-
0 137.309 -90.303 18.447
1 123.366 255.453 -19.380
-
0 141.766 -88.100 17.889
1 117.583 268.645 -18.292
-
0 139.181 -88.416 18.643
1 116.373 272.231 -18.569
-
0 142.534 -88.375 18.399
1 116.370 272.309 -19.526
-
0 140.938 -87.423 17.759
1 121.045 257.882 -18.790
-
0 139.846 -90.171 18.403
1 116.488 272.166 -19.063
-
0 142.680 -88.630 18.116
1 123.388 254.183 -19.550
-
0 143.166 -85.592 18.251
1 121.901 255.341 -19.621
-
0 142.416 -89.705 17.383
1 120.810 266.844 -19.512
-
0 144.058 -86.795 18.449
1 119.933 267.333 -19.504
-
0 142.496 -88.682 18.652
1 111.900 270.503 -19.120
-
0 148.014 -90.519 18.616
1 111.782 261.963 -19.227
-
0 146.226 -91.097 18.716
1 119.476 270.595 -19.538
-
0 149.551 -89.353 18.681
1 113.828 273.452 -19.279
-
0 144.707 -90.437 17.750
1 116.262 265.749 -19.299
-
0 150.742 -85.655 17.708
1 111.570 262.993 -18.334
-
0 149.542 -88.259 17.687
1 114.973 258.568 -19.674
-
0 146.948 -85.924 18.555
1 110.286 269.625 -18.925
-
0 154.886 -84.522 18.451
1 110.987 264.547 -18.441
-
0 152.665 -86.757 18.077
1 109.170 268.370 -19.173
-
0 156.562 -90.001 18.511
1 106.957 261.767 -19.221
-
0 156.578 -90.946 18.330
1 112.493 254.419 -19.181
-
0 152.806 -85.418 17.609
1 106.222 257.661 -18.649
-
0 148.851 -86.090 18.320
1 104.420 268.571 -18.368
-
0 159.378 -89.271 17.432
1 103.655 261.737 -18.829
-
0 159.468 -89.262 18.644
1 104.504 253.633 -18.281
-
0 159.530 -86.229 18.479
1 106.574 269.481 -18.702
-
0 151.932 -86.124 18.172
1 109.666 263.813 -18.610
-
0 162.159 -85.224 18.458
1 101.117 270.372 -18.658
-
0 161.887 -85.263 17.691
1 102.107 262.975 -19.479
-
0 158.440 -87.404 18.340
1 103.200 266.554 -19.080
-
0 164.924 -86.850 17.934
1 102.901 258.371 -18.871
-
0 164.427 -88.304 18.566
1 100.444 270.062 -18.958
-
0 154.533 -85.344 18.024
1 102.458 256.975 -19.494
-
0 155.829 -88.545 18.007
1 98.782 259.538 -19.163
-
0 166.098 -91.164 17.829
1 101.219 256.029 -18.499
-
0 160.631 -89.845 18.117
1 103.887 255.326 -18.871
-
0 164.416 -86.586 17.809
1 98.577 257.892 -18.496
-
0 162.547 -85.149 17.624
1 97.558 272.714 -18.558
-
0 169.678 -88.415 17.820
1 95.415 263.892 -18.892
-
0 165.416 -88.410 18.192
1 100.064 271.287 -19.411
-
0 163.742 -87.197 17.537
1 95.513 270.187 -18.306
-
0 158.890 -91.243 17.743
1 95.397 267.834 -18.717
-
0 171.913 -87.280 18.122
1 96.506 264.019 -18.486
-
0 167.286 -86.193 17.404
1 93.894 258.200 -19.466
-
0 167.999 -84.619 18.302
1 92.087 257.478 -19.056
-
0 164.178 -84.773 18.700
1 97.383 265.890 -19.751
-
0 161.820 -88.674 18.017
1 97.253 255.810 -19.166
-
0 172.166 -91.399 17.724
1 89.683 252.936 -19.303
-
0 175.560 -90.829 17.535
1 95.784 259.859 -18.573
-
0 171.612 -87.456 18.626
1 88.290 264.434 -19.135
-
0 164.947 -86.262 18.491
1 94.332 259.938 -18.996
-
0 176.412 -87.005 17.882
1 93.413 269.496 -18.598
-
0 168.681 -89.716 17.534
1 87.389 262.074 -19.281
-
0 177.724 -91.406 17.864
1 89.275 266.399 -19.614
-
0 171.556 -87.483 18.140
1 90.793 258.930 -18.536
-
0 170.384 -88.979 17.660
1 88.230 273.375 -18.897
-
0 179.534 -88.275 18.052
1 91.113 252.729 -19.641
-
0 179.804 -89.788 17.760
1 87.049 273.207 -18.545
-
0 171.671 -85.693 17.996
1 86.440 262.064 -19.720
-
0 176.961 -85.829 18.526
1 87.280 270.818 -19.304
-
0 170.662 -84.783 17.815
1 88.476 262.925 -18.950
-
0 172.895 -86.845 18.175
1 86.927 259.659 -18.674
-
0 182.767 -88.225 18.562
1 81.865 265.601 -19.274
-
0 178.479 -86.417 17.930
1 85.957 252.586 -18.897
-
0 184.713 -89.756 18.285
1 82.185 269.900 -19.289
-
0 178.784 -90.024 18.666
1 82.736 267.452 -18.478
-
0 176.762 -89.297 18.100
1 78.523 264.155 -18.336
-
0 180.437 -85.096 17.460
1 82.605 257.238 -18.543
-
0 177.922 -85.659 18.545
1 83.234 255.500 -18.729
-
0 174.547 -90.021 17.586
1 82.325 260.096 -18.843
-
0 184.740 -87.408 18.627
1 76.856 266.719 -19.471
-
0 184.301 -87.508 18.215
1 76.141 257.429 -18.482
-
0 177.933 -90.137 18.653
1 80.029 263.318 -18.872
-
0 185.549 -89.351 18.632
1 77.425 273.258 -19.556
-
0 180.535 -88.641 18.111
1 79.562 259.840 -19.714
-
0 181.990 -89.277 18.540
1 77.382 259.851 -19.459
-
0 189.326 -91.152 18.011
1 72.920 264.723 -18.845
-
0 189.734 -86.049 17.995
1 72.836 262.678 -18.450
-
0 181.223 -87.387 17.615
1 76.974 261.835 -19.692
-
0 188.333 -91.112 17.303
1 70.934 273.048 -19.354
-
0 180.855 -85.568 17.533
1 72.119 253.983 -19.167
-
0 183.953 -91.378 18.433
1 75.330 273.171 -19.294
-
0 183.095 -91.439 17.769
1 69.497 268.256 -19.160
-
0 190.634 -86.118 17.572
1 68.846 267.489 -19.638
-
0 189.699 -85.849 17.572
1 68.786 268.624 -19.605
-
0 186.095 -90.160 18.575
1 71.066 266.443 -19.689
-
0 193.943 -84.540 18.713
1 67.763 262.422 -18.249
-
0 188.221 -87.897 18.108
1 67.896 266.740 -19.158
-
0 186.667 -86.069 18.154
1 67.162 266.462 -18.651
-
0 191.357 -85.746 17.904
1 67.685 265.480 -18.245
-
0 191.523 -86.285 17.371
1 64.374 272.436 -19.372
-
0 186.930 -89.925 18.176
1 68.579 267.453 -19.686
-
0 193.876 -84.554 17.958
1 65.125 269.844 -18.916
-
0 196.365 -86.553 17.545
1 62.928 265.057 -18.403
-
0 200.909 -85.558 17.946
1 65.049 265.538 -18.494
-
0 190.434 -89.918 17.998
1 63.174 261.830 -19.042
-
0 203.950 -85.638 18.334
1 62.583 269.687 -18.662
-
0 203.654 -87.110 17.449
1 64.265 271.589 -18.319
-
0 197.096 -88.911 17.711
1 63.449 260.688 -19.571
-
0 206.456 -90.368 18.212
1 59.279 272.703 -19.322
-
0 192.578 -89.295 18.002
1 58.857 264.742 -19.097
-
0 192.546 -90.848 18.137
1 58.189 273.038 -19.518
-
0 199.204 -86.607 17.937
1 58.571 264.531 -18.691
-
0 196.359 -86.656 17.701
1 58.985 270.564 -18.800
-
0 202.455 -86.973 17.963
1 56.504 255.132 -19.058
-
0 198.822 -84.802 18.493
1 56.601 257.535 -18.746
-
0 208.893 -85.890 18.130
1 55.875 271.948 -18.991
-
0 205.495 -89.903 17.520
1 57.791 271.304 -18.728
-
0 198.328 -85.043 17.755
1 55.728 264.849 -19.150
-
0 206.648 -86.748 17.575
1 53.321 272.157 -18.429
-
0 196.752 -85.604 17.468
1 53.396 263.511 -19.258
-
0 202.301 -90.373 17.602
1 53.764 255.897 -19.074
-
0 213.087 -89.608 17.640
1 52.113 273.113 -18.715
-
0 205.233 -91.133 17.747
1 52.345 256.571 -18.589
-
0 202.195 -87.738 18.539
1 54.046 267.161 -19.561
-
0 200.924 -90.876 17.413
1 50.092 270.646 -18.946
-
0 215.960 -89.410 18.305
1 52.274 257.185 -19.190
-
0 202.586 -89.104 17.297
1 50.418 262.388 -19.740
-
0 204.413 -87.008 17.455
1 50.342 267.556 -18.706
-
0 214.541 -90.497 18.172
1 48.854 255.253 -18.491
-
0 212.685 -85.743 18.175
1 46.840 253.234 -18.892
-
0 207.773 -90.878 17.819
1 46.441 269.627 -18.371
-
0 207.217 -89.753 18.701
1 48.526 264.180 -19.053
-
0 220.846 -85.178 17.296
1 46.509 256.535 -18.539
-
0 205.092 -90.304 18.100
1 46.766 268.696 -18.548
-
0 206.579 -87.513 18.103
1 44.549 270.337 -19.245
-
0 216.024 -88.412 18.057
1 46.419 267.962 -18.622
-
0 215.898 -90.452 18.541
1 44.013 257.517 -18.365
-
0 220.405 -88.745 18.117
1 42.558 260.786 -18.752
-
0 214.902 -90.436 18.088
1 44.906 262.128 -18.307
-
0 221.064 -85.655 18.463
1 42.893 253.156 -18.264
-
0 212.896 -87.011 18.472
1 42.425 271.211 -19.312
-
0 224.568 -87.450 17.519
1 40.372 263.535 -18.283
-
0 220.473 -90.967 17.590
1 42.001 257.581 -18.267
-
0 218.692 -89.293 18.002
1 41.386 268.166 -18.910
-
0 223.922 -85.347 17.688
1 40.135 271.420 -19.052
-
0 219.015 -87.214 18.300
1 39.616 268.205 -18.535
-
0 221.311 -86.816 17.725
1 39.666 265.301 -18.624
-
0 226.604 -90.763 18.684
1 36.312 256.284 -19.084
-
0 216.009 -89.186 18.173
1 37.404 272.607 -19.306
-
0 221.310 -89.343 17.835
1 36.051 259.370 -19.489
-
0 214.781 -87.519 17.490
1 34.623 255.242 -18.267
-
0 216.078 -86.576 17.513
1 36.396 253.920 -18.304
-
0 216.002 -87.088 17.335
1 34.022 271.271 -18.294
-
0 220.468 -86.893 18.328
1 33.200 272.258 -18.906
-
0 224.745 -88.077 18.533
1 34.282 258.738 -18.720
-
0 225.286 -90.991 18.659
1 32.031 269.785 -19.537
-
0 234.803 -85.569 17.561
1 31.761 262.935 -18.784
-
0 233.789 -87.960 18.361
1 32.195 254.656 -18.253
-
0 230.285 -86.685 18.649
1 32.170 256.927 -18.505
-
0 230.063 -86.788 17.902
1 31.364 269.054 -18.861
-
0 228.709 -86.994 17.313
1 29.084 258.289 -19.206
-
0 233.655 -87.547 17.594
1 30.263 267.350 -19.071
-
0 231.630 -86.303 18.474
1 27.845 252.613 -18.346
-
0 232.732 -89.098 17.689
1 27.694 273.141 -18.360
-
0 233.366 -85.866 17.381
1 28.163 254.234 -19.700
-
0 234.415 -84.550 17.398
1 26.480 258.409 -18.297
-
0 234.453 -90.224 17.744
1 26.225 270.039 -18.603
-
0 226.368 -88.920 18.490
1 25.227 258.477 -18.277
-
0 231.504 -87.118 17.616
1 25.369 260.277 -19.489
-
0 228.211 -90.208 17.990
1 23.764 263.922 -19.641
-
0 235.175 -90.119 17.365
1 23.285 256.856 -18.321
-
0 238.582 -90.553 17.325
1 23.645 264.414 -19.251
-
0 235.314 -85.838 18.524
1 22.661 253.893 -19.287
-
0 235.591 -86.747 18.593
1 22.591 256.355 -18.839
-
0 233.500 -85.109 17.343
1 21.488 257.433 -19.163
-
0 228.909 -85.367 17.615
1 19.972 271.044 -18.381
-
0 244.293 -86.835 18.638
1 20.523 265.917 -19.153
-
0 229.305 -91.039 18.587
-
0 247.717 -86.159 17.707
-
0 233.758 -91.360 18.247
-
0 247.892 -84.585 17.751
-
0 240.055 -90.481 17.369
-
0 245.267 -90.873 18.020
-
0 239.029 -87.848 17.665
-
0 242.932 -89.019 18.672
-
0 237.646 -90.322 17.437
-
0 233.894 -89.271 18.374
-
0 234.585 -89.685 17.668
-
0 235.217 -87.341 17.984
-
0 237.465 -90.140 17.289
-
0 247.267 -91.147 17.805
-
0 247.274 -88.419 18.565
-
0 255.536 -86.302 18.181
-
0 238.578 -90.439 18.700
-
0 248.189 -91.038 17.949
-
0 245.920 -88.614 17.796
-
0 248.930 -90.386 18.223
-
0 248.117 -84.699 18.598
-
0 259.451 -89.270 18.671
-
0 255.997 -85.674 17.658
-
0 256.763 -88.194 17.676
-
0 249.075 -86.694 17.765
-
0 243.005 -91.042 17.532
-
0 243.929 -87.243 17.387
-
0 255.549 -88.593 17.624
-
0 256.044 -84.540 18.011
-
0 260.682 -86.088 18.512
-
0 263.112 -89.753 18.427
-
0 251.159 -89.738 17.987
-
0 265.076 -84.697 18.013
-
0 254.167 -87.331 17.475
-
0 256.589 -87.252 17.814
-
0 251.621 -84.610 18.213
-
0 248.918 -90.207 17.438
-
0 261.529 -89.593 17.832
-
0 259.239 -84.910 17.741
-
0 251.039 -88.234 17.683
-
0 270.017 -88.310 18.046
-
0 253.932 -87.318 17.309
-
0 257.988 -87.552 17.836
-
0 258.736 -87.419 18.309
-
0 261.938 -86.532 18.071
-
0 255.026 -84.751 17.467
-
0 261.561 -85.015 17.983
-
0 260.331 -87.405 18.595
-
0 261.232 -88.370 17.996
-
0 267.218 -89.478 18.371
-
0 261.362 -90.607 17.703
-
0 268.627 -89.799 17.854
-
0 268.928 -90.268 18.392
-
0 268.319 -90.780 18.530
-
0 265.248 -88.255 18.654
-
0 269.048 -86.465 17.628
-
0 270.806 -91.208 17.561
-
0 269.313 -86.527 17.498
-
0 275.155 -89.518 17.571
-
0 269.531 -86.372 18.342
-
0 271.729 -86.973 17.746
-
0 273.243 -89.904 17.474
-
0 266.783 -91.054 18.663
-
0 269.050 -88.450 18.136
-
0 271.458 -86.950 17.689
-
0 267.286 -86.207 17.950
-
0 273.456 -91.153 18.626
-
0 287.552 -90.089 17.696
-
0 284.148 -88.890 17.386
-
0 285.672 -85.077 18.264
-
0 273.816 -90.689 17.744
-
0 286.246 -86.585 18.177
-
0 274.327 -84.630 17.977
-
0 290.257 -91.237 17.842
-
0 270.398 -84.558 18.374
-
0 282.116 -85.618 18.031
-
0 274.935 -89.718 18.472
-
0 288.941 -88.307 17.829
-
0 277.292 -85.232 18.704
-
0 292.838 -87.685 18.269
-
0 290.981 -89.443 18.109
-
0 276.604 -87.346 17.367
-
0 285.482 -90.897 17.852
-
0 291.330 -85.173 18.597
-
0 287.757 -88.184 18.302
-
0 284.235 -89.402 17.749
-
0 279.588 -88.325 18.196
-
0 289.439 -85.585 18.214
-
0 277.741 -89.329 17.572
-
0 292.066 -90.090 17.333
-
0 288.484 -88.004 18.541
-
0 281.964 -87.973 18.317
-
0 291.472 -86.562 17.929
-
0 281.249 -84.832 17.623
-
0 303.627 -86.443 18.714
-
0 282.119 -89.378 17.526
-
0 297.417 -84.632 18.350
-
0 304.444 -84.632 17.900
-
0 302.143 -90.110 17.372
-
0 296.787 -91.269 18.194
-
0 302.365 -84.662 18.685
-
0 307.456 -86.308 17.881
-
0 303.619 -86.395 18.515
-
0 300.648 -87.761 18.544
-
0 286.526 -90.732 18.383
-
0 294.087 -88.701 18.106
-
0 294.585 -87.815 18.646
-
0 304.521 -91.406 18.514
-
0 291.513 -84.580 18.600
-
0 290.133 -86.673 18.430
-
0 304.797 -85.680 18.654
-
0 291.442 -85.961 18.705
-
0 293.883 -87.554 18.474
-
0 301.436 -84.935 18.601
-
0 303.112 -90.175 18.706
-
0 304.669 -85.574 17.647
-
0 309.350 -88.008 18.643
-
0 313.549 -89.279 18.598
-
0 313.912 -88.797 17.535
-
0 317.622 -85.968 17.674
-
0 304.266 -88.737 18.190
-
0 310.892 -91.520 17.372
-
0 306.134 -90.110 17.453
-
0 302.523 -86.642 18.193
-
0 304.976 -90.812 17.380
-
0 307.943 -90.444 18.436
-
0 311.005 -90.150 18.457
-
0 312.635 -86.714 17.905
-
0 302.031 -89.650 18.410
-
0 315.563 -85.652 17.447
-
0 307.697 -85.894 17.584
-
0 304.004 -87.807 17.758
-
0 316.311 -88.395 17.635
-
0 308.025 -89.471 17.474
-
0 325.743 -86.777 18.409
-
0 316.967 -91.089 17.681
-
0 305.449 -84.622 18.301
-
0 322.047 -87.471 18.344
-
0 324.345 -89.054 17.418
-
0 327.340 -84.490 18.165
-
0 316.870 -85.965 17.292
-
0 316.146 -89.766 17.481
-
0 325.655 -87.332 18.716
-
0 323.952 -87.297 17.687
-
0 331.523 -85.069 17.889
-
0 313.797 -87.298 18.184
-
0 318.725 -85.990 17.929
-
0 331.108 -86.685 18.166
-
0 321.986 -88.510 18.608
-
0 326.966 -84.544 17.409
-
0 319.034 -85.487 17.876
-
0 322.071 -86.507 17.849
-
0 331.555 -86.009 17.619
-
0 331.563 -85.109 17.679
-
0 320.289 -91.333 17.464
-
0 319.929 -84.894 18.417
-
0 334.101 -89.242 17.382
-
0 329.873 -85.738 17.860
-
0 339.483 -87.393 17.807
-
0 328.144 -89.241 17.564
-
0 334.786 -85.105 18.141
-
0 324.777 -90.516 17.626
-
0 344.551 -87.870 18.362
-
0 341.435 -89.393 17.445
-
0 328.640 -91.164 18.591
-
0 329.579 -87.493 18.219
-
0 346.662 -87.449 17.548
-
0 347.726 -87.102 18.388
-
0 347.135 -91.188 18.193
-
0 334.379 -88.191 17.677
-
0 329.300 -86.091 18.227
-
0 330.544 -89.801 18.033
-
0 323.993 -85.460 17.512
-
0 328.645 -89.741 17.315
-
0 333.524 -85.537 17.708
-
0 334.579 -88.453 18.531
-
0 349.143 -89.114 17.434
-
0 331.900 -88.046 17.372
-
0 339.230 -87.622 18.006
-
0 333.887 -86.398 17.700
-
0 344.023 -88.254 18.149
-
0 353.219 -90.857 17.315
-
0 338.287 -85.723 17.607
-
0 346.567 -88.064 17.680
-
0 343.448 -91.501 18.482
-
0 349.230 -85.572 17.871
-
0 357.023 -90.576 17.447
-
0 356.892 -85.904 17.817
-
0 344.157 -85.526 18.617
-
0 341.692 -86.880 17.947
-
0 337.730 -88.633 17.634
-
0 343.160 -85.532 17.886
-
0 346.866 -85.811 18.451
-
0 353.857 -90.387 17.418
-
0 338.629 -86.510 17.852
-
0 344.762 -89.975 18.562
-
0 356.459 -89.788 17.302
-
0 350.620 -88.370 17.320
-
0 342.279 -91.425 18.105
-
0 343.141 -90.064 18.171
-
0 359.029 -88.275 18.102
-
0 347.330 -87.107 18.423
-
0 356.849 -84.939 17.837
-
0 361.820 -85.282 17.703
-
0 346.291 -91.456 17.700
-
0 362.455 -90.326 18.677
-
0 369.817 -89.948 17.792
-
0 345.336 -86.202 18.095
-
0 350.620 -88.483 17.990
-
0 363.297 -90.104 18.339
-
0 356.171 -90.470 18.386
-