0 148.876 28.045 12.207

-

0 145.902 27.071 11.395

-

0 140.744 25.624 12.393

-

0 135.226 23.958 13.059

-

0 130.737 22.572 12.560

-

0 127.312 21.658 11.316

-

0 124.244 21.112 10.262

-

0 121.784 21.022 9.025

-

0 119.751 20.671 7.864

-

0 118.254 20.418 6.649

-

0 117.024 20.361 5.566

-

0 114.767 19.791 5.671

-

0 113.720 19.469 5.635

-

0 113.273 19.828 5.043

-

-

-

-

-

-

-

-

-

-

-

-

-

-

-

-

5 89.401 19.500 3.560

-

5 89.093 19.617 3.477

-

5 87.670 19.152 3.466

-

5 85.825 18.653 3.862

-

5 84.663 17.843 3.646

-

5 82.490 17.013 4.340

-

5 81.109 16.371 4.124

-

5 79.252 16.005 4.276

-

5 77.270 15.320 4.505

-

5 75.041 15.027 4.792

-

5 72.317 14.903 5.323
 
6 23.975 -1.178 11.444

-

5 69.337 14.606 5.916

6 28.158 -1.049 11.016

-

5 66.643 14.170 6.127

6 31.119 -0.499 9.670

-

5 63.257 13.813 6.841
 
6 34.251 0.211 8.933

-

5 59.626 13.349 7.452 
6 38.201 0.878 9.337

-

5 56.109 12.879 7.861

6 41.085 1.229 8.617

-

5 53.191 12.650 7.619

6 43.536 1.670 7.877

-

5 50.541 12.535 7.332

6 46.562 2.173 7.815

-

5 48.253 12.126 6.870

6 49.072 2.616 7.319

-

5 45.716 11.758 6.715

6 51.422 3.061 6.937

-

5 42.604 11.232 7.057

6 53.945 3.306 6.710

-

5 38.663 10.846 7.879

6 56.701 3.727 6.788

-

5 34.569 10.643 8.532

6 59.120 4.080 6.513

-

5 30.801 10.493 8.763

6 61.479 4.358 6.351

-

5 27.320 10.292 8.730

6 64.036 4.824 6.340

-

6 66.055 5.149 5.937

-

6 67.712 5.376 5.383

-

6 69.167 5.370 4.826

-

6 70.497 5.543 4.358

-