0 44.996 0.828 4.832

-

0 43.738 0.904 4.832

-

0 42.481 0.886 4.832

-

0 41.221 1.089 4.833

-

0 39.962 1.216 4.837

-

0 38.700 1.384 4.844

-

0 37.437 1.583 4.854

-

0 36.170 1.797 4.867

-

0 34.905 1.956 4.874

-

0 33.632 2.226 4.888

-

0 32.363 2.415 4.894

-

0 31.109 2.429 4.873

-

0 29.841 2.650 4.876

-

0 28.602 2.564 4.844

-

0 27.344 2.717 4.842

-

0 26.109 2.689 4.813

-

0 24.876 2.657 4.798

-

0 23.647 2.629 4.776

-

0 22.444 2.413 4.739

-

0 21.223 2.380 4.727

-

0 20.005 2.362 4.701

-

0 18.842 1.993 4.630

-

0 17.634 2.143 4.573

-

0 16.447 2.294 4.512

-

0 15.301 2.328 4.405

-

0 14.211 2.312 4.226

-

0 13.180 2.256 4.023

-

0 12.147 2.213 4.014

-

0 11.285 1.763 3.625

-

0 10.466 1.628 3.241

-